{"metadata":{"kernelspec":{"language":"python","display_name":"Python 3","name":"python3"},"language_info":{"name":"python","version":"3.7.12","mimetype":"text/x-python","codemirror_mode":{"name":"ipython","version":3},"pygments_lexer":"ipython3","nbconvert_exporter":"python","file_extension":".py"}},"nbformat_minor":4,"nbformat":4,"cells":[{"cell_type":"code","source":"import pandas as pd\nimport numpy as np\nimport matplotlib.pyplot as pl\nprint(pd.__version__)\nprint(np.__version__)","metadata":{"_uuid":"8f2839f25d086af736a60e9eeb907d3b93b6e0e5","_cell_guid":"b1076dfc-b9ad-4769-8c92-a6c4dae69d19","execution":{"iopub.status.busy":"2023-03-31T17:55:22.132744Z","iopub.execute_input":"2023-03-31T17:55:22.133215Z","iopub.status.idle":"2023-03-31T17:55:22.139413Z","shell.execute_reply.started":"2023-03-31T17:55:22.133174Z","shell.execute_reply":"2023-03-31T17:55:22.138416Z"},"trusted":true},"execution_count":6,"outputs":[{"name":"stdout","text":"1.3.5\n1.21.6\n","output_type":"stream"}]},{"cell_type":"markdown","source":"Loading dataset","metadata":{}},{"cell_type":"markdown","source":"","metadata":{}},{"cell_type":"code","source":"df = pd.read_csv(\"/kaggle/input/purchage/purchage.csv\")\nprint(df)","metadata":{"execution":{"iopub.status.busy":"2023-03-31T17:56:56.996355Z","iopub.execute_input":"2023-03-31T17:56:56.997356Z","iopub.status.idle":"2023-03-31T17:56:57.032364Z","shell.execute_reply.started":"2023-03-31T17:56:56.997308Z","shell.execute_reply":"2023-03-31T17:56:57.031327Z"},"trusted":true},"execution_count":7,"outputs":[{"name":"stdout","text":"   Country   Age   Salary Purchased\n0   France  44.0  72000.0        No\n1    Spain  27.0  48000.0       Yes\n2  Germany  30.0  54000.0        No\n3    Spain  38.0  61000.0        No\n4  Germany  40.0      NaN       Yes\n5   France  35.0  58000.0       Yes\n6    Spain   NaN  52000.0        No\n7   France  48.0  79000.0       Yes\n8  Germany  50.0  83000.0        No\n9   France  37.0  67000.0       Yes\n","output_type":"stream"}]},{"cell_type":"code","source":"x = df.iloc[:,:-1].values\ny = df.iloc[:,-1].values\nprint(x)\nprint(\"_______________________\")\nprint(y)","metadata":{"execution":{"iopub.status.busy":"2023-03-31T18:23:11.569484Z","iopub.execute_input":"2023-03-31T18:23:11.570280Z","iopub.status.idle":"2023-03-31T18:23:11.578531Z","shell.execute_reply.started":"2023-03-31T18:23:11.570232Z","shell.execute_reply":"2023-03-31T18:23:11.576819Z"},"trusted":true},"execution_count":28,"outputs":[{"name":"stdout","text":"[['France' 44.0 72000.0]\n ['Spain' 27.0 48000.0]\n ['Germany' 30.0 54000.0]\n ['Spain' 38.0 61000.0]\n ['Germany' 40.0 nan]\n ['France' 35.0 58000.0]\n ['Spain' nan 52000.0]\n ['France' 48.0 79000.0]\n ['Germany' 50.0 83000.0]\n ['France' 37.0 67000.0]]\n_______________________\n['No' 'Yes' 'No' 'No' 'Yes' 'Yes' 'No' 'Yes' 'No' 'Yes']\n","output_type":"stream"}]},{"cell_type":"markdown","source":"# Taking care of missing data\n#from sklearn.preprocessing import Imputer\n#imputer = Imputer(missing_values = 'NaN', strategy = 'median', axis = 0)# mean, median, most_frequent","metadata":{}},{"cell_type":"code","source":"from sklearn.impute import SimpleImputer\nimputer = SimpleImputer(missing_values=np.nan, strategy='median') # New Style\n\nimputer = imputer.fit(x[:, 1:3])\nx[:, 1:3]=imputer.transform(x[:, 1:3])\nprint(\"--------- After Handling Missing Values -------------\\n\")\nprint(x)","metadata":{"execution":{"iopub.status.busy":"2023-03-31T18:28:24.398977Z","iopub.execute_input":"2023-03-31T18:28:24.399393Z","iopub.status.idle":"2023-03-31T18:28:24.410834Z","shell.execute_reply.started":"2023-03-31T18:28:24.399356Z","shell.execute_reply":"2023-03-31T18:28:24.409059Z"},"trusted":true},"execution_count":30,"outputs":[{"name":"stdout","text":"--------- After Handling Missing Values -------------\n\n[['France' 44.0 72000.0]\n ['Spain' 27.0 48000.0]\n ['Germany' 30.0 54000.0]\n ['Spain' 38.0 61000.0]\n ['Germany' 40.0 61000.0]\n ['France' 35.0 58000.0]\n ['Spain' 38.0 52000.0]\n ['France' 48.0 79000.0]\n ['Germany' 50.0 83000.0]\n ['France' 37.0 67000.0]]\n","output_type":"stream"}]},{"cell_type":"markdown","source":"Manually Hangling Missing Values","metadata":{}},{"cell_type":"code","source":"Age=df['Age']\n# print(Age)\nSalary=df['Salary']\n# print(Salary)\ndf.Salary.median()\ndf.Age.median()","metadata":{"execution":{"iopub.status.busy":"2023-03-31T18:43:22.768691Z","iopub.execute_input":"2023-03-31T18:43:22.769547Z","iopub.status.idle":"2023-03-31T18:43:22.779114Z","shell.execute_reply.started":"2023-03-31T18:43:22.769505Z","shell.execute_reply":"2023-03-31T18:43:22.777965Z"},"trusted":true},"execution_count":36,"outputs":[{"execution_count":36,"output_type":"execute_result","data":{"text/plain":"38.0"},"metadata":{}}]},{"cell_type":"markdown","source":" >Country is string type so should be LabelEncoder ","metadata":{}},{"cell_type":"code","source":"Country = x[:,0]\n# print(Country)\nfrom sklearn.preprocessing import LabelEncoder\nlabelencoder_X = LabelEncoder()\nx[:, 0]=labelencoder_X.fit_transform(x[:, 0])\nprint(x)","metadata":{"execution":{"iopub.status.busy":"2023-03-31T18:59:21.675858Z","iopub.execute_input":"2023-03-31T18:59:21.676608Z","iopub.status.idle":"2023-03-31T18:59:21.684407Z","shell.execute_reply.started":"2023-03-31T18:59:21.676538Z","shell.execute_reply":"2023-03-31T18:59:21.683454Z"},"trusted":true},"execution_count":50,"outputs":[{"name":"stdout","text":"[[0 44.0 72000.0]\n [2 27.0 48000.0]\n [1 30.0 54000.0]\n [2 38.0 61000.0]\n [1 40.0 61000.0]\n [0 35.0 58000.0]\n [2 38.0 52000.0]\n [0 48.0 79000.0]\n [1 50.0 83000.0]\n [0 37.0 67000.0]]\n","output_type":"stream"}]},{"cell_type":"markdown","source":"","metadata":{}},{"cell_type":"code","source":"# Label Encoding : Features Vector-y","metadata":{"execution":{"iopub.status.busy":"2023-03-31T19:02:14.169251Z","iopub.execute_input":"2023-03-31T19:02:14.169674Z","iopub.status.idle":"2023-03-31T19:02:14.175165Z","shell.execute_reply.started":"2023-03-31T19:02:14.169636Z","shell.execute_reply":"2023-03-31T19:02:14.173762Z"},"trusted":true},"execution_count":52,"outputs":[]},{"cell_type":"code","source":"print(y)\nlabelencoder_y = LabelEncoder()\ny=labelencoder_y.fit_transform(y)\nprint(y)","metadata":{"execution":{"iopub.status.busy":"2023-03-31T19:03:03.951287Z","iopub.execute_input":"2023-03-31T19:03:03.952045Z","iopub.status.idle":"2023-03-31T19:03:03.958411Z","shell.execute_reply.started":"2023-03-31T19:03:03.951999Z","shell.execute_reply":"2023-03-31T19:03:03.957348Z"},"trusted":true},"execution_count":54,"outputs":[{"name":"stdout","text":"['No' 'Yes' 'No' 'No' 'Yes' 'Yes' 'No' 'Yes' 'No' 'Yes']\n[0 1 0 0 1 1 0 1 0 1]\n","output_type":"stream"}]},{"cell_type":"code","source":"#2.OneHotEncoder : New Style \nfrom sklearn.preprocessing import LabelEncoder, OneHotEncoder\nfrom sklearn.compose import ColumnTransformer\n\n# Country column\nct = ColumnTransformer([(\"Country\", OneHotEncoder(), [0])], remainder = 'passthrough')\nx = ct.fit_transform(x)\nprint(x)","metadata":{"execution":{"iopub.status.busy":"2023-03-31T19:07:14.784122Z","iopub.execute_input":"2023-03-31T19:07:14.784891Z","iopub.status.idle":"2023-03-31T19:07:14.795672Z","shell.execute_reply.started":"2023-03-31T19:07:14.784835Z","shell.execute_reply":"2023-03-31T19:07:14.793861Z"},"trusted":true},"execution_count":56,"outputs":[{"name":"stdout","text":"[[0.0 1.0 0.0 0.0 44.0 72000.0]\n [1.0 0.0 0.0 1.0 27.0 48000.0]\n [1.0 0.0 1.0 0.0 30.0 54000.0]\n [1.0 0.0 0.0 1.0 38.0 61000.0]\n [1.0 0.0 1.0 0.0 40.0 61000.0]\n [0.0 1.0 0.0 0.0 35.0 58000.0]\n [1.0 0.0 0.0 1.0 38.0 52000.0]\n [0.0 1.0 0.0 0.0 48.0 79000.0]\n [1.0 0.0 1.0 0.0 50.0 83000.0]\n [0.0 1.0 0.0 0.0 37.0 67000.0]]\n","output_type":"stream"}]},{"cell_type":"code","source":"x=x[:,1:]\nprint(x)","metadata":{"execution":{"iopub.status.busy":"2023-03-31T19:07:59.303035Z","iopub.execute_input":"2023-03-31T19:07:59.303441Z","iopub.status.idle":"2023-03-31T19:07:59.309673Z","shell.execute_reply.started":"2023-03-31T19:07:59.303403Z","shell.execute_reply":"2023-03-31T19:07:59.308181Z"},"trusted":true},"execution_count":57,"outputs":[{"name":"stdout","text":"[[1.0 0.0 0.0 44.0 72000.0]\n [0.0 0.0 1.0 27.0 48000.0]\n [0.0 1.0 0.0 30.0 54000.0]\n [0.0 0.0 1.0 38.0 61000.0]\n [0.0 1.0 0.0 40.0 61000.0]\n [1.0 0.0 0.0 35.0 58000.0]\n [0.0 0.0 1.0 38.0 52000.0]\n [1.0 0.0 0.0 48.0 79000.0]\n [0.0 1.0 0.0 50.0 83000.0]\n [1.0 0.0 0.0 37.0 67000.0]]\n","output_type":"stream"}]},{"cell_type":"code","source":"# Feature Scaling : Feature Matrix - X\nfrom sklearn.preprocessing import StandardScaler\nsc_x = StandardScaler()\nx = sc_x.fit_transform(x)\nprint(x)","metadata":{"execution":{"iopub.status.busy":"2023-03-31T19:08:43.512317Z","iopub.execute_input":"2023-03-31T19:08:43.513553Z","iopub.status.idle":"2023-03-31T19:08:43.524180Z","shell.execute_reply.started":"2023-03-31T19:08:43.513501Z","shell.execute_reply":"2023-03-31T19:08:43.522875Z"},"trusted":true},"execution_count":59,"outputs":[{"name":"stdout","text":"[[ 1.22474487 -0.65465367 -0.65465367  0.76973439  0.77256767]\n [-0.81649658 -0.65465367  1.52752523 -1.69922498 -1.40879986]\n [-0.81649658  1.52752523 -0.65465367 -1.26352627 -0.86345798]\n [-0.81649658 -0.65465367  1.52752523 -0.10166303 -0.22722578]\n [-0.81649658  1.52752523 -0.65465367  0.18880278 -0.22722578]\n [ 1.22474487 -0.65465367 -0.65465367 -0.53736175 -0.49989673]\n [-0.81649658 -0.65465367  1.52752523 -0.10166303 -1.04523861]\n [ 1.22474487 -0.65465367 -0.65465367  1.35066601  1.40879986]\n [-0.81649658  1.52752523 -0.65465367  1.64113182  1.77236112]\n [ 1.22474487 -0.65465367 -0.65465367 -0.24689594  0.3181161 ]]\n","output_type":"stream"}]},{"cell_type":"code","source":"from sklearn.model_selection import train_test_split\n#from sklearn.cross_validation import train_test_split - old\nX_train, X_test, y_train, y_test = train_test_split(x, y, test_size = 0.4, random_state = 0)","metadata":{"execution":{"iopub.status.busy":"2023-03-31T19:09:20.669880Z","iopub.execute_input":"2023-03-31T19:09:20.670784Z","iopub.status.idle":"2023-03-31T19:09:20.678345Z","shell.execute_reply.started":"2023-03-31T19:09:20.670733Z","shell.execute_reply":"2023-03-31T19:09:20.677030Z"},"trusted":true},"execution_count":61,"outputs":[]},{"cell_type":"code","source":"print(X_train)\nprint(X_test)\nprint(y_train)\nprint(y_test)","metadata":{"execution":{"iopub.status.busy":"2023-03-31T19:09:36.742946Z","iopub.execute_input":"2023-03-31T19:09:36.744310Z","iopub.status.idle":"2023-03-31T19:09:36.752913Z","shell.execute_reply.started":"2023-03-31T19:09:36.744246Z","shell.execute_reply":"2023-03-31T19:09:36.751571Z"},"trusted":true},"execution_count":62,"outputs":[{"name":"stdout","text":"[[-0.81649658 -0.65465367  1.52752523 -1.69922498 -1.40879986]\n [-0.81649658 -0.65465367  1.52752523 -0.10166303 -1.04523861]\n [ 1.22474487 -0.65465367 -0.65465367  1.35066601  1.40879986]\n [-0.81649658 -0.65465367  1.52752523 -0.10166303 -0.22722578]\n [ 1.22474487 -0.65465367 -0.65465367  0.76973439  0.77256767]\n [ 1.22474487 -0.65465367 -0.65465367 -0.53736175 -0.49989673]]\n[[-0.81649658  1.52752523 -0.65465367 -1.26352627 -0.86345798]\n [-0.81649658  1.52752523 -0.65465367  1.64113182  1.77236112]\n [-0.81649658  1.52752523 -0.65465367  0.18880278 -0.22722578]\n [ 1.22474487 -0.65465367 -0.65465367 -0.24689594  0.3181161 ]]\n[1 0 1 0 0 1]\n[0 0 1 1]\n","output_type":"stream"}]},{"cell_type":"markdown","source":"LogisticRegression\n","metadata":{}},{"cell_type":"code","source":"from sklearn.linear_model import LogisticRegression \nclassifier = LogisticRegression(random_state = 0) \nclassifier.fit(X_train, y_train) ","metadata":{"execution":{"iopub.status.busy":"2023-03-31T19:10:15.166503Z","iopub.execute_input":"2023-03-31T19:10:15.167354Z","iopub.status.idle":"2023-03-31T19:10:15.186190Z","shell.execute_reply.started":"2023-03-31T19:10:15.167305Z","shell.execute_reply":"2023-03-31T19:10:15.184864Z"},"trusted":true},"execution_count":63,"outputs":[{"execution_count":63,"output_type":"execute_result","data":{"text/plain":"LogisticRegression(random_state=0)"},"metadata":{}}]},{"cell_type":"code","source":"y_pred = classifier.predict(X_test) ","metadata":{"execution":{"iopub.status.busy":"2023-03-31T19:10:36.671846Z","iopub.execute_input":"2023-03-31T19:10:36.672282Z","iopub.status.idle":"2023-03-31T19:10:36.680232Z","shell.execute_reply.started":"2023-03-31T19:10:36.672242Z","shell.execute_reply":"2023-03-31T19:10:36.678647Z"},"trusted":true},"execution_count":65,"outputs":[]},{"cell_type":"code","source":"from sklearn.metrics import confusion_matrix \ncm = confusion_matrix(y_test, y_pred) \nprint (\"Confusion Matrix : \\n\", cm) ","metadata":{"execution":{"iopub.status.busy":"2023-03-31T19:10:55.525500Z","iopub.execute_input":"2023-03-31T19:10:55.525951Z","iopub.status.idle":"2023-03-31T19:10:55.537007Z","shell.execute_reply.started":"2023-03-31T19:10:55.525913Z","shell.execute_reply":"2023-03-31T19:10:55.535695Z"},"trusted":true},"execution_count":66,"outputs":[{"name":"stdout","text":"Confusion Matrix : \n [[1 1]\n [1 1]]\n","output_type":"stream"}]},{"cell_type":"code","source":"from sklearn.metrics import accuracy_score \nprint (\"Accuracy : \", accuracy_score(y_test, y_pred)) ","metadata":{"execution":{"iopub.status.busy":"2023-03-31T19:11:32.050244Z","iopub.execute_input":"2023-03-31T19:11:32.050722Z","iopub.status.idle":"2023-03-31T19:11:32.057792Z","shell.execute_reply.started":"2023-03-31T19:11:32.050672Z","shell.execute_reply":"2023-03-31T19:11:32.056436Z"},"trusted":true},"execution_count":67,"outputs":[{"name":"stdout","text":"Accuracy :  0.5\n","output_type":"stream"}]},{"cell_type":"markdown","source":"SVC","metadata":{}},{"cell_type":"code","source":"from sklearn.svm import SVC\nsvm = SVC()\nsvm.fit(X_train, y_train) \n\ny_pred = svm.predict(X_test) \ncm = confusion_matrix(y_test, y_pred) \nprint (\"Confusion Matrix : \\n\", cm)\n\nprint('Accuracy of SVM classifier on training set: {:.2f}'\n     .format(svm.score(X_train, y_train)))\nprint('Accuracy of SVM classifier on test set: {:.2f}'\n     .format(svm.score(X_test, y_test)))","metadata":{"execution":{"iopub.status.busy":"2023-03-31T19:12:01.870820Z","iopub.execute_input":"2023-03-31T19:12:01.871307Z","iopub.status.idle":"2023-03-31T19:12:01.890657Z","shell.execute_reply.started":"2023-03-31T19:12:01.871265Z","shell.execute_reply":"2023-03-31T19:12:01.888890Z"},"trusted":true},"execution_count":68,"outputs":[{"name":"stdout","text":"Confusion Matrix : \n [[0 2]\n [0 2]]\nAccuracy of SVM classifier on training set: 0.83\nAccuracy of SVM classifier on test set: 0.50\n","output_type":"stream"}]},{"cell_type":"markdown","source":"Decision Tree Classifier","metadata":{}},{"cell_type":"markdown","source":"","metadata":{}},{"cell_type":"code","source":"from sklearn.tree import DecisionTreeClassifier\nclf = DecisionTreeClassifier().fit(X_train, y_train)","metadata":{"execution":{"iopub.status.busy":"2023-03-31T19:13:00.489424Z","iopub.execute_input":"2023-03-31T19:13:00.491523Z","iopub.status.idle":"2023-03-31T19:13:00.548431Z","shell.execute_reply.started":"2023-03-31T19:13:00.491473Z","shell.execute_reply":"2023-03-31T19:13:00.547014Z"},"trusted":true},"execution_count":69,"outputs":[]},{"cell_type":"code","source":"y_pred = svm.predict(X_test) \ncm = confusion_matrix(y_test, y_pred) \nprint (\"Confusion Matrix : \\n\", cm)","metadata":{"execution":{"iopub.status.busy":"2023-03-31T19:13:13.579053Z","iopub.execute_input":"2023-03-31T19:13:13.579486Z","iopub.status.idle":"2023-03-31T19:13:13.588713Z","shell.execute_reply.started":"2023-03-31T19:13:13.579449Z","shell.execute_reply":"2023-03-31T19:13:13.587144Z"},"trusted":true},"execution_count":70,"outputs":[{"name":"stdout","text":"Confusion Matrix : \n [[0 2]\n [0 2]]\n","output_type":"stream"}]},{"cell_type":"code","source":"print('Accuracy of Decision Tree classifier on training set: {:.2f}'\n     .format(clf.score(X_train, y_train)))\nprint('Accuracy of Decision Tree classifier on test set: {:.2f}'\n     .format(clf.score(X_test, y_test)))","metadata":{"execution":{"iopub.status.busy":"2023-03-31T19:13:27.370210Z","iopub.execute_input":"2023-03-31T19:13:27.370936Z","iopub.status.idle":"2023-03-31T19:13:27.379752Z","shell.execute_reply.started":"2023-03-31T19:13:27.370895Z","shell.execute_reply":"2023-03-31T19:13:27.378425Z"},"trusted":true},"execution_count":71,"outputs":[{"name":"stdout","text":"Accuracy of Decision Tree classifier on training set: 1.00\nAccuracy of Decision Tree classifier on test set: 0.00\n","output_type":"stream"}]},{"cell_type":"markdown","source":"","metadata":{}},{"cell_type":"markdown","source":"","metadata":{}}]}